2000000001
146923841
150013768
159334597
161010830
161624040
172332816
173136298
183630665
195287231
203053340
203649207
212232274
214707034
218874712
225156564
228098486
229435018
319845277
323328445
323840958
334626257
354255965
359833859
367794651
371331308
378855392
381624941
418565841
421188455
430011535
471247851
489880885
523672966
2000000002
25287184
26544585
35776653
44313839
58129620
58396286
68865222
72161959
78542979
78853077
93123519
94794147
99222742
101035839
101870907
103331239
104696122
128570985
128622706
132165059
132920114
133583025
134448324
134982311
135639450
137693133
139539814
139859800
140346414
140877401
147168982
151226909
152124304
155855036
157005598
158770625
159334597
161376066
161647054
161796174
162629285
163821282
169096768
171927745
172690112
173459142
178093231
186552194
189273597
194707416
195295709
196737455
201096117
203053340
216916502
218078650
222372629
228098486
232951973
235051490
250945612
287953109
294441068
304965935
311221018
313728359
323650227
328146866
356579413
444781387
445164751
458039958
464714785
479542016
498592231
2000000003
157005598
159334597
203053340
